5
17
20
45
46
48
57
63
70
72
78
79
80
84
86
111
112
131
135
143
154
157
174
179
180
181
189
190
197
198
213
214
216
219
239
241
244
246
254
257
266
275
276
278
281
285
334
346
347
350
357
368
374
375
380
384
387
388
391
392
393
396
406
412
413
422
439
454
458
469
471
472
475
479
484
500
501
540
549
587
603
613
622
624
632
634
643
644
650
651
661
662
667
691
695
696
702
707
709
714
717
718
728
789
790
793
797
798
799
806
807
811
812
817
818
819
820
821
824
825
854
859
860
901
907
917
920
923
932
933
935
936
951
955
960
961
967
968
974
976
990
1002
1006
1013
1023
1028
1074
1089
1095
1104
1113
1120
1121
1130
1133
1134
1152
1154
1169
1179
1180
1185
1186
1194
1196
1200
1203
1205
1208
1220
1234
1246
1247
1248
1249
1256
1258
1259
1260
1262
1271
1293
1301
1302
1305
1306
1309
1330
1337
1353
1355
1368
1369
1371
1372
1373
1377
1380
1383
1389
1390
1391
1396
1408
1410
1416
1418
1424
1428
1433
1435
1447
1461
1466
1475
1481
1486
1493
1501
1507
1513
1516
1526
1528
1529
1549
1557
1559
1562
1563
1564
1571
1579
1586
1587
1591
1594
1607
1608
1609
1611
1614
1636
1661
1671
1681
1683
1685
1691
1692
1694
1695
1699
1706
1712
1714
1715
1721
1725
1740
1743
1747
1752
1753
1755
1756
1763
1764
1770
1774
1775
1780
1786
1790
1797
1798
1836
1854
1857
1858
1871
1872
1874
1876
1885
1886
1888
1890
1899
1900
1906
1908
1909
1911
1918
1920
1928
1933
1937
1939
1942
1943
1945
1946
1949
1950
1954
1957
1960
1963
1974
1975
1983
1987
1995
1999
2002
2005
2021
2027
2034
2043
2050
2056
2067
2076
2079
2088
2093
2094
2101
2113
2114
2134
2138
2156
2157
2166
2168
2178
2179
2189
2197
2199
2203
2205
2206
2207
2213
2215
2222
2223
2227
2230
2236
2248
2254
2262
2263
2265
2266
2267
2268
2272
2274
2295
2299
2306
2307
2319
2320
2331
2333
2334
2338
2353
2354
2361
2363
2365
2370
2371
2373
2375
2377
2378
2379
2386
2390
2392
2400
2402
2408
2412
2415
2416
2424
2428
2429
2431
2432
2433
2435
2436
2437
2438
2444
2449
2451
2457
2463
2472
2474
2475
2487
2499
2501
2506
2507
2508
2511
2513
2514
2524
2526
2531
2546
2548
2554
2559
2562
2564
2566
2567
2569
2570
2574
2575
2576
2582
2590
2591
2592
2593
2595
2596
2598
2601
2604
2608
2622
2633
2638
2657
2658
2659
2666
2676
2678
2681
2682
2683
2684
2686
2688
2690
2698
2699
2702
2704
2707
2711
2713
2714
2715
2718
2721
2723
2732
2736
2742
2746
2751
2756
2762
2764
2767
2768
2770
2773
2777
2787
2789
2801
2815
2825
2834
2845
2846
2847
2851
2853
2854
2856
2857
2862
2865
2878
2881
2883
2887
2894
2897
2899
2905
2906
2908
2909
2911
2915
2917
2925
2926
2942
2945
2948
2951
2952
2953
2960
2962
2964
2965
2966
2967
2969
2971
2974
2976
2978
2994
3001
3012
3028
3031
3035
3039
3041
3042
3048
3053
3054
3070
3072
3078
3084
3094
3096
3102
3104
3107
3110
3115
3120
3131
3134
3139
3140
3145
3146
3148
3155
3162
3166
3173
3175
3176
3178
3179
3181
3182
3185
3186
3187
3188
3190
3196
3197
3204
3210
3212
3213
3215
3219
3221
3222
3228
3231
3234
3242
3246
3253
3256
3266
3267
3268
3269
3281
3287
3295
3296
3299
3306
3310
3312
3315
3316
3324
3331
3334
3335
3341
3351
3374
3375
3376
3381
3387
3389
3397
3400
3402
3405
3414
3415
3423
3424
3426
3429
3432
3435
3439
3447
3454
3458
3459
3462
3468
3470
3473
3478
3484
3486
3493
3494
3501
3503
3508
3509
3512
3518
3519
3520
3530
3534
3535
3537
3538
3539
3541
3546
3547
3552
3558
3560
3573
3576
3581
3589
3603
3605
3607
3611
3612
3619
3620
3622
3625
3629
3635
3638
3640
3644
3652
3655
3658
3662
3670
3671
3672
3679
3685
3689
3691
3692
3694
3695
3696
3697
3701
3705
3706
3709
3718
3720
3721
3722
3723
3725
3731
3733
3735
3739
3743
3746
3751
3759
3767
3772
3774
3779
3791
3793
3795
3798
3803
3804
3805
3813
3814
3815
3819
3820
3821
3822
3823
3824
3825
3829
3830
3835
3839
3844
3845
3849
3850
3851
3853
3855
3856
3863
3868
3871
3881
3887
3897
3901
3902
3903
3905
3909
3910
3915
3931
3936
3937
3950
3951
3955
3956
3959
3960
3961
3964
3975
3982
3984
3987
3993
3995
4001
4002
4003
4005
4010
4011
4013
4014
4024
4027
4030
4035
4036
4038
4042
4047
4055
4057
4059
4060
4061
4063
4064
4067
4068
4070
4072
4096
4114
4116
4129
4135
4136
4137
4140
4141
4144
4147
4148
4149
4150
4152
4154
4157
4158
4159
4161
4162
4163
4166
4177
4178
4183
4187
4190
4191
4198
4200
4201
4204
4208
4211
4214
4216
4218
4219
4222
4227
4230
4231
4232
4233
4234
4238
4240
4241
4243
4247
4253
4256
4258
4269
4272
4273
4277
4279
4283
4290
4292
4308
4313
4318
4319
4321
4326
4329
4332
4333
4343
4353
4354
4357
4365
4367
4370
4379
4380
4381
4386
4391
4394
4400
4401
4404
4405
4409
4410
4411
4414
4416
4417
4420
4421
4425
4427
4433
4434
4435
4439
4441
4447
4452
4453
4455
4456
4462
4465
4469
4485
4486
4487
4489
4492
4497
4498
4504
4505
4507
4509
4514
4516
4517
4518
4519
4521
4551
4553
4556
4562
4563
4565
4570
4571
4574
4582
4583
4588
4590
4593
4594
4596
4602
4610
4611
4613
4615
4616
4620
4623
4627
4629
4630
4634
4636
4637
4638
4640
4643
4644
4645
4651
4658
4659
4660
4664
4667
4671
4673
4674
4676
4685
4693
4699
4702
4717
4720
4721
4722
4723
4726
4727
4729
4732
4733
4737
4743
4744
4745
4749
4753
4764
4766
4767
4769
4774
4781
4782
4783
4785
4788
4789
4792
4803
4804
4815
4817
4818
4819
4830
4833
4837
4838
4839
4846
4847
4848
4852
4857
4869
4873
4880
4882
4883
4885
4888
4890
4891
4895
4896
4899
4900
4902
4903
4910
4914
4917
4918
4919
4921
4925
4927
4930
4931
4934
4935
4936
4937
4938
4939
4943
4944
4946
4948
4950
4954
4961
4966
4968
4969
4970
4971
4977
4980
4985
4987
4988
4991
4994
4995
4997
4998
4999
5002
5003
5004
5006
5010
5012
5016
5021
5023
5027
5028
5029
5032
5038
5041
5045
5048
5049
5050
5051
5052
5055
5057
5063
5067
5069
5072
5074
5075
5076
5080
5083
5084
5086
5087
5099
5100
5102
5104
5106
5112
5114
5119
5120
5123
5124
5128
5129
5135
5137
5138
5148
5149
5150
5152
5154
5155
5156
5158
5163
5165
5167
5168
5170
5172
5179
5180
5184
5185
5187
5188
5189
5190
5191
5194
5197
5201
5202
5209
5210
5212
5218
5219
5222
5223
5225
5226
5228
5230
5231
5233
5235
5239
5240
5241
5244
5245
5247
5250
5251
5254
5257
5260
5263
5265
5269
5271
5275
5276
5278
5279
5283
5287
5289
5293
5297
5298
5311
5312
5316
5320
5321
5326
5327
5331
5334
5335
5337
5339
5340
5346
5353
5361
5367
5370
5372
5373
5374
5377
5381
5386
5392
5401
5403
5414
5415
5416
5424
5434
5444
5447
5449
5450
5454
5455
5456
5458
5466
5472
5474
5484
5488
5491
5492
5493
5494
5498
5501
5515
5524
5526
5527
5530
5531
5532
5534
5535
5536
5541
5544
5550
5556
5564
5566
5573
5578
5583
5587
5588
5594
5595
5600
5606
5609
5617
5618
5619
5624
5625
5630
5631
5632
5634
5637
5638
5643
5645
5650
5653
5656
5660
5662
5667
5668
5669
5672
5674
5679
5680
5682
5685
5691
5694
5700
5702
5705
5712
5716
5719
5720
5722
5723
5724
5726
5729
5734
5741
5742
5749
5752
5753
5754
5757
5758
5762
5763
5764
5765
5769
5770
5771
5772
5779
5780
5781
5782
5786
5787
5789
5790
5793
5794
5796
5797
5798
5799
5802
5803
5804
5812
5813
5817
5818
5819
5824
5828
5829
5832
5833
5835
5838
5839
5840
5841
5842
5843
5849
5850
5854
5857
5860
5861
5865
5868
5869
5875
5885
5886
5889
5894
5896
5897
5905
5915
5920
5922
5923
5924
5925
5932
5934
5935
5936
5959
5977
5980
5983
5990
5992
5996
5997
5998
5999
6003
6005
6007
6015
6018
6023
6024
6026
6028
6029
6030
6034
6037
6042
6046
6049
6051
6052
6071
6072
6084
6089
6094
6095
6096
6102
6107
6108
6109
6119
6130
6131
6132
6134
6143
6144
6148
6157
6161
6164
6165
6166
6167
6168
6170
6181
6182
6185
6187
6188
6192
6207
6208
6219
6227
6228
6230
6231
6232
6236
6243
6251
6252
6262
6263
6264
6266
6270
6271
6272
6276
6277
6279
6285
6287
6290
6294
6297
6304
6306
6309
6316
6320
6329
6330
6333
6335
6348
6352
6357
6359
6361
6364
6375
6377
6386
6399
6402
6415
6417
6420
6426
6427
6428
6431
6433
6436
6447
6459
6460
6462
6469
6471
6476
6478
6482
6484
6485
6487
6489
6492
6501
6504
6506
6507
6509
6510
6511
6513
6514
6520
6521
6522
6524
6526
6527
6528
6530
6542
6543
6547
6550
6553
6559
6573
6574
6579
6585
6586
6587
6591
6596
6599
6600
6601
6606
6607
6609
6614
6616
6625
6633
6636
6637
6638
6642
6643
6645
6649
6650
6651
6652
6653
6654
6656
6667
6668
6669
6671
6672
6673
6686
6689
6692
6695
6696
6704
6708
6711
6712
6732
6738
6742
6750
6751
6753
6758
6759
6762
6763
6766
6767
6768
6770
6771
6772
6773
6776
6783
6784
6787
6789
6798
6802
6805
6806
6807
6808
6823
6828
6833
6840
6843
6846
6847
6848
6852
6855
6856
6860
6868
6869
6870
6871
6879
6887
6896
6902
6904
6905
6907
6910
6912
6913
6914
6916
6917
6922
6936
6938
6939
6940
6941
6942
6943
6947
6949
6952
6963
6965
6968
6969
6970
6981
6982
6983
7002
7003
7004
7016
7033
7041
7054
7056
7060
7064
7065
7067
7078
7079
7080
7084
7086
7089
7090
7095
7096
7100
7103
7105
7107
7116
7123
7127
7128
7131
7133
7136
7144
7146
7147
7148
7152
7161
7163
7165
7166
7167
7171
7183
7209
7210
7214
7219
7228
7231
7236
7237
7238
7243
7246
7248
7249
7254
7257
7258
7259
7263
7269
7272
7273
7275
7280
7285
7286
7291
7295
7297
7299
7311
7313
7319
7322
7331
7332
7337
7351
7354
7355
7356
7362
7369
7371
7377
7378
7379
7381
7384
7385
7388
7393
7396
7405
7409
7413
7419
7422
7428
7444
7452
7453
7455
7459
7466
7476
7484
7509
7514
7516
7519
7531
7540
7548
7564
7566
7575
7579
7581
7586
7590
7596
7604
7614
7615
7626
7627
7631
7646
7650
7667
7674
7675
7678
7680
7696
7698
7716
7721
7723
7728
7735
7740
7765
7768
7778
7782
7791
7802
7805
7806
7810
7812
7825
7837
7840
7843
7845
7848
7860
7881
7893
7894
7908
7910
7912
7951
8025
8027
8030
8031
8056
8064
8065
8073
8087
8100
8111
8112
8126
8129
8143
8153
8160
8162
8167
8177
8178
8179
8180
8184
8210
8227
8239
8249
8254
8256
8283
8284
8290
8291
8292
8296
8297
8302
8325
8331
8351
8353
8354
8380
8385
8407
8411
8438
8440
8455
8466
8468
8470
8471
8487
8488
8497
8502
8505
8506
8508
8509
8514
8516
8517
8532
8533
8534
8548
8558
8595
8600
8601
8608
8617
8638
8655
8656
8671
8672
8704
8708
8711
8713
8715
8718
8725
8731
8736
8737
8745
8747
8758
8759
8762
8764
8772
8774
8776
8784
8785
8787
8788
8789
8814
8822
8834
8835
8843
8861
8862
8869
8871
8873
8874
8878
8880
8881
8888
8889
8892
8898
8905
8932
8960
8961
8964
8970
8973
8974
8975
8976
8977
8978
8980
8983
8984
8985
8986
8988
8989
8992
8995
8996
8999
