3
4
5
10
11
12
13
14
15
20
21
22
27
36
39
40
41
48
54
56
61
62
65
70
73
74
75
79
81
83
87
88
92
93
94
95
97
100
102
106
110
111
112
116
120
121
126
127
129
130
132
133
145
146
149
150
152
155
156
157
158
159
160
161
162
167
168
169
170
173
174
175
179
180
184
190
191
194
196
197
198
200
201
203
205
206
207
208
209
210
211
213
214
215
216
217
218
220
224
225
229
230
234
236
241
242
250
251
254
260
262
263
265
270
272
275
276
277
280
281
282
285
287
288
289
291
303
304
305
306
307
308
312
314
316
321
323
324
332
335
336
340
346
347
352
353
355
360
361
368
371
372
373
382
383
385
391
395
396
397
399
405
406
407
409
411
414
418
424
426
428
432
434
435
437
439
440
441
447
448
451
454
457
458
464
468
469
470
476
477
478
479
485
489
493
498
499
501
502
513
516
522
523
524
525
526
531
532
534
541
543
553
556
557
562
568
570
581
584
593
607
610
611
612
613
620
625
627
636
640
670
678
685
688
692
693
700
705
707
711
714
720
721
724
727
731
732
734
739
742
761
765
772
773
777
784
788
790
792
793
797
820
822
830
834
836
841
845
851
862
863
866
875
877
881
888
889
892
896
898
911
915
916
920
922
940
942
944
951
958
959
967
977
978
982
998
1003
1004
1014
1016
1019
1021
1027
1028
1029
1032
1033
1034
1037
1045
1053
1054
1058
1064
1066
1072
1079
1081
1082
1084
1087
1089
1093
1094
1111
1117
1118
1124
1136
1139
1140
1143
1144
1149
1153
1157
1162
1163
1167
1168
1171
1183
1191
1194
1198
1209
1223
1228
1230
1231
1236
1237
1238
1275
1280
1281
1293
1294
1300
1313
1318
1332
1335
1337
1339
1343
1344
1346
1348
1350
1360
1361
1363
1365
1369
1370
1375
1382
1386
1387
1394
1395
1397
1398
1399
1401
1409
1410
1411
1413
1418
1431
1461
1473
1475
1478
1483
1490
1491
1492
1493
1494
1500
1506
1507
1522
1532
1538
1546
1548
1563
1576
1577
1583
1584
1585
1587
1593
1594
1595
1597
1598
1600
1603
1604
1610
1618
1623
1626
1628
1629
1631
1635
1636
1639
1642
1653
1661
1686
1690
1694
1696
1701
1702
1703
1707
1713
1715
1719
1727
1730
1731
1734
1753
1760
1763
1764
1765
1767
1771
1772
1777
1781
1793
1794
1795
1799
1813
1818
1819
1824
1827
1831
1832
1840
1842
1843
1848
1850
1851
1852
1853
1854
1855
1856
1861
1864
1865
1866
1870
1875
1876
1880
1883
1886
1887
1888
1890
1891
1898
1899
1900
1901
1903
1906
1912
1913
1914
1915
1919
1920
1923
1927
1928
1929
1930
1934
1938
1940
1941
1948
1950
1953
1959
1960
1972
1977
1978
1980
1983
1985
1989
1991
1992
1995
1999
