70
111
180
216
278
334
346
347
350
380
420
475
500
501
644
651
661
702
806
936
951
955
976
1006
1095
1104
1120
1121
1221
1222
1246
1249
1256
1368
1390
1426
1461
1516
1537
1549
1564
1591
1608
1685
1699
1704
1774
1775
1780
1786
1836
1871
1894
1908
1954
1957
1999
2002
2027
2157
2166
2207
2272
2338
2354
2375
2379
2386
2433
2444
2449
2451
2487
2501
2507
2514
2524
2550
2562
2567
2582
2595
2598
2678
2690
2698
2702
2732
2736
2742
2746
2762
2764
2773
2777
2787
2797
2815
2825
2846
2854
2908
2917
2929
2942
2953
2994
3001
3031
3042
3048
3053
3054
3070
3084
3110
3115
3124
3134
3140
3166
3176
3178
3182
3188
3197
3212
3228
3242
3285
3289
3306
3316
3324
3375
3390
3414
3435
3461
3462
3486
3508
3535
3541
3556
3603
3605
3607
3635
3658
3671
3684
3689
3701
3702
3709
3722
3723
3739
3751
3772
3791
3793
3813
3814
3819
3820
3824
3829
3833
3844
3850
3854
3855
3868
3887
3915
3950
3951
3955
3964
3975
3984
3995
4010
4055
4061
4070
4129
4140
4147
4157
4158
4161
4166
4191
4204
4214
4218
4231
4232
4269
4272
4273
4319
4326
4337
4353
4379
4391
4400
4404
4414
4425
4434
4435
4439
4455
4465
4477
4487
4489
4504
4507
4518
4542
4556
4566
4571
4574
4582
4660
4667
4673
4724
4737
4744
4753
4764
4778
4818
4819
4833
4873
4888
4930
4937
4944
4950
4969
4977
4985
4991
4997
4999
5016
5021
5029
5032
5043
5045
5052
5055
5063
5069
5074
5075
5083
5112
5119
5124
5135
5158
5168
5170
5172
5188
5218
5223
5225
5226
5250
5253
5254
5260
5263
5265
5275
5283
5297
5320
5326
5334
5353
5410
5447
5451
5455
5488
5507
5549
5564
5578
5587
5606
5609
5617
5662
5674
5682
5685
5722
5753
5757
5764
5765
5769
5782
5790
5839
5840
5865
5868
5869
5886
5905
5920
5922
5935
5953
5990
6030
6046
6052
6084
6102
6107
6108
6109
6131
6180
6181
6185
6187
6219
6230
6236
6262
6266
6270
6271
6276
6309
6329
6330
6361
6418
6431
6446
6482
6484
6506
6513
6520
6521
6522
6542
6573
6586
6588
6591
6600
6651
6653
6655
6656
6667
6668
6669
6672
6696
6700
6828
6846
6856
6869
6871
6902
6913
6922
6942
6968
7003
7033
7042
7084
7089
7090
7096
7103
7105
7126
7133
7153
7165
7166
7219
7228
7229
7236
7243
7308
7337
7351
7362
7379
7432
7452
7519
7533
7575
7646
7650
7667
7670
7718
7810
7866
7893
7970
8030
8160
8176
8239
8254
8283
8284
8497
8502
8506
8601
8731
8745
8751
8789
8834
8871
8898
8970
8973
8983
8997
